<?xml version="1.0"?>
<opencv_storage>
<calibration_time>"Mon Nov 25 19:45:40 2019"</calibration_time>
<nr_of_frames>4</nr_of_frames>
<image_width>4288</image_width>
<image_height>3216</image_height>
<board_width>9</board_width>
<board_height>6</board_height>
<square_size>25.</square_size>
<fix_aspect_ratio>1.</fix_aspect_ratio>
<!-- flags: +fix_skew +fix_k4 +recompute_extrinsic -->
<flags>650</flags>
<fisheye_model>1</fisheye_model>
<camera_matrix type_id="opencv-matrix">
  <rows>3</rows>
  <cols>3</cols>
  <dt>d</dt>
  <data>
    3.5342057822627198e+03 0. 2.1435000000000000e+03 0.
    3.5343409598163571e+03 1.6075000000000000e+03 0. 0. 1.</data></camera_matrix>
<distortion_coefficients type_id="opencv-matrix">
  <rows>4</rows>
  <cols>1</cols>
  <dt>d</dt>
  <data>
    1.9957780217938809e-01 1.0342084454183489e-01 1.8105548493525425e+00
    0.</data></distortion_coefficients>
<avg_reprojection_error>2.6555495978566817e+00</avg_reprojection_error>
<per_view_reprojection_errors type_id="opencv-matrix">
  <rows>4</rows>
  <cols>1</cols>
  <dt>f</dt>
  <data>
    1.89467669e+00 2.29124999e+00 3.95684791e+00 1.92652607e+00</data></per_view_reprojection_errors>
<!-- a set of 6-tuples (rotation vector + translation vector) for each view -->
<extrinsic_parameters type_id="opencv-matrix">
  <rows>4</rows>
  <cols>6</cols>
  <dt>d</dt>
  <data>
    1.7471386483456094e-01 -1.7149660978699902e-01
    -3.1087438070477273e+00 8.1674806582689484e+01
    5.0344253080560200e+01 3.7306450755060882e+02
    -1.5807913331216600e-01 -3.6437137022815003e-01
    -1.5686549452689598e+00 -6.4821775579229566e+01
    5.7312405940409562e+01 3.4563908818753924e+02 9.3955015735929154e-02
    -7.3555997800075457e-01 -3.0352189565511796e+00
    1.0016026582070407e+02 1.3731592393498749e+01 2.7524700496032040e+02
    -2.5102672718375574e-01 3.7857276421823738e-01
    2.3279076167968697e+00 1.0183960673853818e+02
    -4.4126383286795736e+01 4.5421248996938527e+02</data></extrinsic_parameters>
<image_points type_id="opencv-matrix">
  <rows>4</rows>
  <cols>54</cols>
  <dt>"2f"</dt>
  <data>
    2.91665869e+03 2.08345728e+03 2.68357080e+03 2.07993384e+03
    2.44931177e+03 2.07601172e+03 2.21188843e+03 2.07209692e+03
    1.97119250e+03 2.06769727e+03 1.72786145e+03 2.06345459e+03
    1.48107788e+03 2.05844092e+03 1.23195569e+03 2.05419360e+03
    9.80554993e+02 2.04958154e+03 2.91113794e+03 1.84789685e+03
    2.68279272e+03 1.84266382e+03 2.45180029e+03 1.83651953e+03
    2.21641943e+03 1.83081409e+03 1.97683655e+03 1.82498889e+03
    1.73493335e+03 1.81877478e+03 1.48913013e+03 1.81258765e+03
    1.24134167e+03 1.80714148e+03 9.92032654e+02 1.80127979e+03
    2.90933618e+03 1.61593774e+03 2.68379004e+03 1.60813696e+03
    2.45441406e+03 1.60017676e+03 2.22048926e+03 1.59227893e+03
    1.98345886e+03 1.58400513e+03 1.74169751e+03 1.57726550e+03
    1.49842224e+03 1.57059119e+03 1.25287036e+03 1.56367273e+03
    1.00662457e+03 1.55756311e+03 2.90655957e+03 1.38667322e+03
    2.68258813e+03 1.37739478e+03 2.45591089e+03 1.36651428e+03
    2.22394971e+03 1.35710168e+03 1.98752588e+03 1.34736182e+03
    1.74868542e+03 1.33947632e+03 1.50747546e+03 1.33334119e+03
    1.26452368e+03 1.32521289e+03 1.01910944e+03 1.31693103e+03
    2.90541724e+03 1.16053577e+03 2.68102759e+03 1.15074036e+03
    2.45555347e+03 1.13927295e+03 2.22653662e+03 1.12547949e+03
    1.99279797e+03 1.11457703e+03 1.75550964e+03 1.10815417e+03
    1.51714270e+03 1.09940454e+03 1.27503235e+03 1.08924207e+03
    1.03194238e+03 1.07995325e+03 2.90296924e+03 9.38173401e+02
    2.68047876e+03 9.27157593e+02 2.45623853e+03 9.13559082e+02
    2.22865918e+03 9.00850708e+02 1.99678088e+03 8.86248535e+02
    1.76256799e+03 8.78413696e+02 1.52452686e+03 8.65881836e+02
    1.28555737e+03 8.56006165e+02 1.04232727e+03 8.43865173e+02
    1.48459827e+03 2.18774976e+03 1.48991333e+03 1.94157849e+03
    1.49566528e+03 1.70667773e+03 1.50061389e+03 1.47999768e+03
    1.50652075e+03 1.26363940e+03 1.51165515e+03 1.05689514e+03
    1.51769092e+03 8.58833435e+02 1.52245776e+03 6.67836243e+02
    1.52783691e+03 4.86501312e+02 1.74002991e+03 2.18734961e+03
    1.73896973e+03 1.94266748e+03 1.73963245e+03 1.70659998e+03
    1.73954041e+03 1.48170227e+03 1.73987280e+03 1.26508398e+03
    1.73994690e+03 1.05795154e+03 1.74035291e+03 8.59738037e+02
    1.74098022e+03 6.72546997e+02 1.74142493e+03 4.93303772e+02
    1.99031152e+03 2.18444238e+03 1.98498792e+03 1.93969067e+03
    1.97982495e+03 1.70681738e+03 1.97508240e+03 1.48105530e+03
    1.97076562e+03 1.26544324e+03 1.96555591e+03 1.06240833e+03
    1.96070593e+03 8.69418396e+02 1.95654041e+03 6.84386658e+02
    1.95202490e+03 5.08276489e+02 2.23698462e+03 2.17975366e+03
    2.22607104e+03 1.93952454e+03 2.21710693e+03 1.70571936e+03
    2.20731470e+03 1.48359985e+03 2.19780273e+03 1.26968640e+03
    2.18779810e+03 1.06927258e+03 2.17700342e+03 8.79743713e+02
    2.16813062e+03 6.95591492e+02 2.16002368e+03 5.18095276e+02
    2.47904028e+03 2.17538574e+03 2.46240063e+03 1.93698962e+03
    2.44760449e+03 1.70835498e+03 2.43526733e+03 1.48485059e+03
    2.42121582e+03 1.27457019e+03 2.40442456e+03 1.07839758e+03
    2.39023511e+03 8.88601135e+02 2.37724414e+03 7.03450623e+02
    2.36468774e+03 5.27630005e+02 2.71694897e+03 2.16990210e+03
    2.69475342e+03 1.93528088e+03 2.67570752e+03 1.70746851e+03
    2.65664014e+03 1.49006653e+03 2.63988306e+03 1.27869617e+03
    2.61864746e+03 1.08400073e+03 2.60173779e+03 8.90018188e+02
    2.58411938e+03 7.08694275e+02 2.56822314e+03 5.31288330e+02
    3.42079492e+03 1.77655994e+03 3.10607300e+03 1.77353149e+03
    2.79032202e+03 1.76708948e+03 2.47083008e+03 1.75810181e+03
    2.14687598e+03 1.74893359e+03 1.82122375e+03 1.73924365e+03
    1.49181543e+03 1.72878894e+03 1.16166333e+03 1.71813110e+03
    8.31306580e+02 1.70733020e+03 3.36463403e+03 1.50688501e+03
    3.06679785e+03 1.49819727e+03 2.76546851e+03 1.48468323e+03
    2.45940430e+03 1.47351965e+03 2.14828296e+03 1.46136084e+03
    1.83510095e+03 1.44870520e+03 1.51841479e+03 1.43713147e+03
    1.20213049e+03 1.42761023e+03 8.84668457e+02 1.41964478e+03
    3.31777466e+03 1.25195361e+03 3.03253955e+03 1.23722058e+03
    2.74276416e+03 1.22438013e+03 2.44848828e+03 1.20755823e+03
    2.15034473e+03 1.19345154e+03 1.84816492e+03 1.18563538e+03
    1.54519849e+03 1.17861938e+03 1.24148682e+03 1.17125818e+03
    9.39467163e+02 1.16417261e+03 3.27340063e+03 1.01461902e+03
    2.99807373e+03 1.00153625e+03 2.72058936e+03 9.81848633e+02
    2.43736987e+03 9.67710205e+02 2.14946265e+03 9.53289551e+02
    1.86036560e+03 9.45412781e+02 1.56988501e+03 9.42412109e+02
    1.27888721e+03 9.32937378e+02 9.86705688e+02 9.22979736e+02
    3.23336426e+03 7.92873657e+02 2.96517334e+03 7.82412109e+02
    2.69728662e+03 7.66510254e+02 2.42634839e+03 7.44364868e+02
    2.15022046e+03 7.30773010e+02 1.87160657e+03 7.28859680e+02
    1.59333679e+03 7.21017639e+02 1.31213440e+03 7.09433105e+02
    1.03154297e+03 6.98656250e+02 3.19545435e+03 5.85780090e+02
    2.93702393e+03 5.76442200e+02 2.67737891e+03 5.59554321e+02
    2.41535889e+03 5.44765808e+02 2.14954736e+03 5.25453064e+02
    1.88223474e+03 5.21842041e+02 1.61229602e+03 5.05186005e+02
    1.34225061e+03 4.96533447e+02 1.06972046e+03 4.82027832e+02
    2.93431860e+03 1.26269763e+03 2.80798657e+03 1.38929199e+03
    2.67859863e+03 1.51761511e+03 2.54527734e+03 1.64952832e+03
    2.40720117e+03 1.78547766e+03 2.26452490e+03 1.92587048e+03
    2.11677710e+03 2.07073853e+03 1.96455493e+03 2.22023340e+03
    1.80725708e+03 2.37451489e+03 2.78743335e+03 1.14164868e+03
    2.66183765e+03 1.26204431e+03 2.53243335e+03 1.38461084e+03
    2.39856396e+03 1.51215186e+03 2.25915186e+03 1.64365588e+03
    2.11606079e+03 1.77944641e+03 1.96723413e+03 1.92072644e+03
    1.81368091e+03 2.06673145e+03 1.65557092e+03 2.21732446e+03
    2.64588818e+03 1.01937347e+03 2.51994360e+03 1.13435242e+03
    2.38915259e+03 1.25377014e+03 2.25448828e+03 1.37605286e+03
